Accuracy: 61.85%
Classification Report:
                 precision    recall  f1-score   support

              %       0.51      0.46      0.49     13567
              +       0.55      0.18      0.27     15615
             ^2       1.00      0.00      0.01       626
             ^g       0.00      0.00      0.00        79
             ^h       0.71      0.34      0.46       482
             ^q       0.73      0.08      0.15       881
             aa       0.47      0.19      0.27      9832
         aap_am       0.60      0.06      0.12        93
             ad       0.74      0.26      0.38       658
             ar       0.77      0.05      0.10       311
         arp_nd       0.86      0.20      0.33       187
              b       0.74      0.93      0.82     33344
            b^m       0.78      0.01      0.02       603
             ba       0.46      0.44      0.45      4193
             bd       0.72      0.46      0.57        84
             bf       0.77      0.07      0.13       841
             bh       0.53      0.67      0.60       920
             bk       0.65      0.31      0.42      1138
             br       0.38      0.13      0.20       261
             fa       1.00      0.05      0.09        62
             fc       0.71      0.23      0.35      2192
fo_o_fw_"_by_bc       0.47      0.05      0.09       780
             fp       0.00      0.00      0.00       198
             ft       0.34      0.22      0.27        60
              h       0.75      0.71      0.73      1076
             na       0.53      0.01      0.02       753
             ng       0.67      0.15      0.25       259
             nn       0.52      0.90      0.66      1209
             no       0.83      0.14      0.24       245
             ny       0.49      0.04      0.08      2589
       oo_co_cc       0.91      0.40      0.56       100
             qh       0.81      0.27      0.41       496
             qo       0.85      0.77      0.81       559
            qrr       0.77      0.71      0.74       180
             qw       0.65      0.77      0.70      1702
           qw^d       0.89      0.68      0.77        74
             qy       0.67      0.51      0.58      4119
           qy^d       0.67      0.15      0.24      1041
             sd       0.60      0.86      0.70     65788
             sv       0.56      0.38      0.45     22803
             t1       0.75      0.51      0.61        91
             t3       0.86      0.17      0.29       109
              x       0.88      0.66      0.75      3120

       accuracy                           0.62    193320
      macro avg       0.65      0.33      0.38    193320
   weighted avg       0.61      0.62      0.58    193320